245.000 250.000 24.000
38.000 248.000 15.000
82.000 217.000 220.000
96.000 47.000 240.000
107.000 84.000 136.000
217.000 248.000 239.000
191.000 95.000 201.000
233.000 133.000 11.000
76.000 243.000 171.000
23.000 81.000 177.000
176.000 64.000 224.000
90.000 172.000 154.000
57.000 89.000 241.000
123.000 46.000 157.000
37.000 3.000 9.000
205.000 220.000 20.000
9.000 145.000 106.000
251.000 184.000 81.000
214.000 234.000 205.000
95.000 62.000 104.000
143.000 7.000 209.000
39.000 138.000 245.000
18.000 167.000 254.000
229.000 151.000 30.000
155.000 26.000 231.000
250.000 41.000 232.000
135.000 48.000 115.000
130.000 17.000 75.000
45.000 147.000 178.000
0.000 253.000 228.000
123.000 211.000 210.000
170.000 106.000 219.000
101.000 167.000 189.000
169.000 249.000 203.000
74.000 43.000 249.000
111.000 247.000 115.000
181.000 12.000 231.000
87.000 32.000 162.000
252.000 219.000 75.000
179.000 77.000 59.000
224.000 217.000 252.000
18.000 102.000 233.000
53.000 213.000 143.000
145.000 74.000 108.000
199.000 239.000 49.000
105.000 108.000 38.000
229.000 166.000 107.000
22.000 14.000 114.000
222.000 193.000 220.000
190.000 114.000 160.000
134.000 202.000 62.000
229.000 29.000 122.000
241.000 13.000 103.000
105.000 110.000 108.000
25.000 251.000 11.000
138.000 190.000 190.000
246.000 170.000 192.000
99.000 126.000 60.000
