149.000 178.000 100.000
103.000 113.000 110.000
177.000 171.000 221.000
247.000 228.000 107.000
235.000 90.000 254.000
113.000 192.000 137.000
183.000 244.000 16.000
7.000 23.000 166.000
221.000 133.000 94.000
114.000 197.000 202.000
19.000 171.000 178.000
140.000 129.000 85.000
135.000 42.000 47.000
166.000 84.000 72.000
16.000 34.000 161.000
243.000 6.000 198.000
223.000 155.000 150.000
193.000 104.000 131.000
15.000 83.000 249.000
154.000 247.000 119.000
21.000 166.000 134.000
196.000 43.000 25.000
74.000 70.000 249.000
203.000 113.000 88.000
244.000 21.000 243.000
139.000 139.000 157.000
183.000 83.000 165.000
21.000 96.000 131.000
141.000 76.000 63.000
128.000 56.000 251.000
21.000 122.000 31.000
194.000 201.000 37.000
49.000 72.000 87.000
175.000 68.000 202.000
56.000 190.000 166.000
229.000 127.000 127.000
145.000 167.000 65.000
40.000 190.000 125.000
44.000 226.000 133.000
97.000 112.000 20.000
58.000 162.000 131.000
131.000 14.000 45.000
166.000 133.000 120.000
157.000 203.000 19.000
56.000 9.000 221.000
163.000 15.000 171.000
117.000 181.000 124.000
244.000 122.000 207.000
177.000 91.000 95.000
102.000 99.000 89.000
72.000 226.000 73.000
250.000 96.000 93.000
24.000 3.000 66.000
61.000 188.000 101.000
161.000 52.000 92.000
123.000 135.000 242.000
74.000 214.000 50.000
200.000 83.000 254.000
