0.000 8.000 12.000
11.359 7.000 8.062
8.062 8.250 1.000
4.125 15.781 5.000
0.000 6.000 10.000
8.000 8.000 12.805
8.000 13.602 13.305
11.492 8.250 14.734
5.746 8.250 6.402
9.438 12.000 10.633
8.547 13.602 8.250
14.000 7.551 12.367
14.000 12.688 2.000
7.551 12.805 7.551
13.602 13.891 8.000
12.805 15.102 14.000
15.102 10.000 12.000
6.000 0.000 14.000
13.305 4.125 12.000
12.367 13.305 15.000
6.000 13.891 15.781
8.547 8.062 4.000
8.000 13.891 5.000
12.805 12.805 6.000
15.523 5.000 12.000
5.746 11.492 15.781
0.000 14.180 14.000
10.250 9.852 8.000
0.000 13.305 13.000
0.000 12.367 4.125
12.805 15.523 6.402
8.000 8.062 10.000
12.000 8.062 12.805
6.000 15.781 1.000
8.250 10.250 15.266
10.000 8.000 12.000
4.000 14.734 12.805
12.688 11.492 9.438
0.000 7.000 6.000
8.250 14.180 15.523
12.805 14.453 7.000
15.000 8.000 4.000
15.000 0.000 4.125
12.000 1.000 15.523
15.000 12.805 12.000
6.000 14.180 5.000
0.000 15.000 5.746
11.492 12.000 14.180
15.266 12.805 3.000
8.000 15.000 13.305
2.000 8.000 11.000
13.602 11.703 8.547
15.523 10.000 9.438
12.000 14.000 7.000
8.000 13.305 12.688
15.000 14.453 12.000
12.000 12.000 14.000
14.734 7.551 2.000
